   4    4  0.41874E-02 -0.42557E-02
  12    4  0.13011E-01 -0.47167E-02
  20    4  0.23252E-01 -0.57122E-02
  28    4  0.36110E-01 -0.74163E-02
  36    4  0.53268E-01 -0.10175E-01
  44    4  0.77354E-01 -0.14682E-01
  52    4  0.11295     -0.22475E-01
  60    4  0.16914     -0.37559E-01
  68    4  0.26738     -0.73962E-01
  76    4  0.46196     -0.21700    
  84    4  0.39059     -0.71076    
  92    4  0.48408E-01 -0.84846    
 100    4 -0.21469     -0.87080    
 108    4 -0.47701     -0.84925    
 116    4 -0.81680     -0.71236    
 124    4 -0.88413     -0.21945    
 132    4 -0.68376     -0.77319E-01
 140    4 -0.57786     -0.41885E-01
 148    4 -0.51200     -0.27840E-01
 156    4 -0.46460     -0.21154E-01
 164    4 -0.42643     -0.17809E-01
 172    4 -0.39283     -0.16247E-01
 180    4 -0.36113     -0.15737E-01
 188    4 -0.32971     -0.15884E-01
 196    4 -0.29751     -0.16443E-01
 204    4 -0.26392     -0.17246E-01
 212    4 -0.22857     -0.18168E-01
 220    4 -0.19134     -0.19106E-01
 228    4 -0.15228     -0.19973E-01
 236    4 -0.11162     -0.20700E-01
 244    4 -0.69687E-01 -0.21230E-01
 252    4 -0.26926E-01 -0.21522E-01
   4   12  0.38522E-02 -0.12421E-01
  12   12  0.11941E-01 -0.13736E-01
  20   12  0.21233E-01 -0.16563E-01
  28   12  0.32699E-01 -0.21360E-01
  36   12  0.47605E-01 -0.29011E-01
  44   12  0.67707E-01 -0.41206E-01
  52   12  0.95471E-01 -0.61351E-01
  60   12  0.13396     -0.96909E-01
  68   12  0.18350     -0.16535    
  76   12  0.21941     -0.30033    
  84   12  0.15289     -0.48819    
  92   12 -0.18748E-01 -0.60981    
 100   12 -0.21204     -0.64560    
 108   12 -0.40456     -0.61218    
 116   12 -0.57386     -0.49297    
 124   12 -0.63641     -0.30765    
 132   12 -0.59481     -0.17537    
 140   12 -0.53774     -0.10981    
 148   12 -0.48975     -0.77357E-01
 156   12 -0.45037     -0.60519E-01
 164   12 -0.41640     -0.51803E-01
 172   12 -0.38528     -0.47737E-01
 180   12 -0.35520     -0.46528E-01
 188   12 -0.32493     -0.47144E-01
 196   12 -0.29363     -0.48924E-01
 204   12 -0.26076     -0.51401E-01
 212   12 -0.22604     -0.54211E-01
 220   12 -0.18935     -0.57056E-01
 228   12 -0.15079     -0.59685E-01
 236   12 -0.11057     -0.61885E-01
 244   12 -0.69056E-01 -0.63488E-01
 252   12 -0.26686E-01 -0.64372E-01
   4   20  0.32390E-02 -0.19609E-01
  12   20  0.99927E-02 -0.21595E-01
  20   20  0.17590E-01 -0.25830E-01
  28   20  0.26642E-01 -0.32906E-01
  36   20  0.37811E-01 -0.43909E-01
  44   20  0.51719E-01 -0.60734E-01
  52   20  0.68587E-01 -0.86673E-01
  60   20  0.86975E-01 -0.12728    
  68   20  0.10019     -0.19055    
  76   20  0.89960E-01 -0.28100    
  84   20  0.31300E-01 -0.38177    
  92   20 -0.76140E-01 -0.45605    
 100   20 -0.20684     -0.48309    
 108   20 -0.33680     -0.45994    
 116   20 -0.44198     -0.38964    
 124   20 -0.49682     -0.29305    
 132   20 -0.50157     -0.20704    
 140   20 -0.48109     -0.14854    
 148   20 -0.45353     -0.11305    
 156   20 -0.42542     -0.92586E-01
 164   20 -0.39807     -0.81527E-01
 172   20 -0.37115     -0.76484E-01
 180   20 -0.34394     -0.75399E-01
 188   20 -0.31579     -0.76954E-01
 196   20 -0.28617     -0.80239E-01
 204   20 -0.25470     -0.84569E-01
 212   20 -0.22118     -0.89394E-01
 220   20 -0.18556     -0.94242E-01
 228   20 -0.14795     -0.98708E-01
 236   20 -0.10859     -0.10244    
 244   20 -0.67859E-01 -0.10516    
 252   20 -0.26233E-01 -0.10666    
   4   28  0.24449E-02 -0.25352E-01
  12   28  0.74856E-02 -0.27764E-01
  20   28  0.12968E-01 -0.32856E-01
  28   28  0.19136E-01 -0.41201E-01
  36   28  0.26104E-01 -0.53785E-01
  44   28  0.33653E-01 -0.72141E-01
  52   28  0.40774E-01 -0.98496E-01
  60   28  0.44738E-01 -0.13563    
  68   28  0.39709E-01 -0.18565    
  76   28  0.16363E-01 -0.24648    
  84   28 -0.33626E-01 -0.30770    
  92   28 -0.10926     -0.35339    
 100   28 -0.19929     -0.37164    
 108   28 -0.28861     -0.35873    
 116   28 -0.36213     -0.31852    
 124   28 -0.40851     -0.26304    
 132   28 -0.42668     -0.20832    
 140   28 -0.42485     -0.16487    
 148   28 -0.41219     -0.13481    
 156   28 -0.39440     -0.11602    
 164   28 -0.37406     -0.10567    
 172   28 -0.35202     -0.10139    
 180   28 -0.32842     -0.10145    
 188   28 -0.30307     -0.10456    
 196   28 -0.27573     -0.10973    
 204   28 -0.24621     -0.11618    
 212   28 -0.21440     -0.12321    
 220   28 -0.18029     -0.13021    
 228   28 -0.14402     -0.13664    
 236   28 -0.10587     -0.14201    
 244   28 -0.66230E-01 -0.14592    
 252   28 -0.25618E-01 -0.14808    
   4   36  0.15799E-02 -0.29396E-01
  12   36  0.47763E-02 -0.31989E-01
  20   36  0.80557E-02 -0.37399E-01
  28   36  0.11371E-01 -0.46089E-01
  36   36  0.14474E-01 -0.58789E-01
  44   36  0.16724E-01 -0.76500E-01
  52   36  0.16781E-01 -0.10039    
  60   36  0.12194E-01 -0.13142    
  68   36 -0.85181E-03 -0.16937    
  76   36 -0.26862E-01 -0.21142    
  84   36 -0.68753E-01 -0.25126    
  92   36 -0.12510     -0.28082    
 100   36 -0.18967     -0.29366    
 108   36 -0.25361     -0.28751    
 116   36 -0.30799     -0.26482    
 124   36 -0.34656     -0.23218    
 132   36 -0.36780     -0.19782    
 140   36 -0.37451     -0.16814    
 148   36 -0.37105     -0.14603    
 156   36 -0.36108     -0.13170    
 164   36 -0.34689     -0.12415    
 172   36 -0.32966     -0.12205    
 180   36 -0.30990     -0.12417    
 188   36 -0.28772     -0.12943    
 196   36 -0.26309     -0.13690    
 204   36 -0.23595     -0.14575    
 212   36 -0.20625     -0.15521    
 220   36 -0.17402     -0.16457    
 228   36 -0.13942     -0.17314    
 236   36 -0.10272     -0.18031    
 244   36 -0.64368E-01 -0.18554    
 252   36 -0.24920E-01 -0.18843    
   4   44  0.74246E-03 -0.31705E-01
  12   44  0.21762E-02 -0.34274E-01
  20   44  0.34254E-02 -0.39573E-01
  28   44  0.42557E-02 -0.47922E-01
  36   44  0.42383E-02 -0.59779E-01
  44   44  0.26235E-02 -0.75679E-01
  52   44 -0.18111E-02 -0.96078E-01
  60   44 -0.10868E-01 -0.12102    
  68   44 -0.26816E-01 -0.14961    
  76   44 -0.51793E-01 -0.17950    
  84   44 -0.86701E-01 -0.20683    
  92   44 -0.13016     -0.22714    
 100   44 -0.17834     -0.23697    
 108   44 -0.22595     -0.23506    
 116   44 -0.26765     -0.22288    
 124   44 -0.29959     -0.20409    
 132   44 -0.32029     -0.18332    
 140   44 -0.33054     -0.16456    
 148   44 -0.33234     -0.15025    
 156   44 -0.32780     -0.14129    
 164   44 -0.31856     -0.13760    
 172   44 -0.30565     -0.13856    
 180   44 -0.28965     -0.14339    
 188   44 -0.27079     -0.15126    
 196   44 -0.24915     -0.16137    
 204   44 -0.22470     -0.17291    
 212   44 -0.19744     -0.18506    
 220   44 -0.16738     -0.19703    
 228   44 -0.13466     -0.20800    
 236   44 -0.99565E-01 -0.21719    
 244   44 -0.62550E-01 -0.22392    
 252   44 -0.24251E-01 -0.22765    
   4   52  0.51201E-05 -0.32417E-01
  12   52 -0.92768E-04 -0.34816E-01
  20   52 -0.54243E-03 -0.39716E-01
  28   52 -0.16727E-02 -0.47305E-01
  36   52 -0.39625E-02 -0.57821E-01
  44   52 -0.81092E-02 -0.71479E-01
  52   52 -0.15080E-01 -0.88333E-01
  60   52 -0.26091E-01 -0.10806    
  68   52 -0.42436E-01 -0.12971    
  76   52 -0.65095E-01 -0.15156    
  84   52 -0.94188E-01 -0.17118    
  92   52 -0.12854     -0.18603    
 100   52 -0.16569     -0.19420    
 108   52 -0.20233     -0.19503    
 116   52 -0.23518     -0.18942    
 124   52 -0.26170     -0.17952    
 132   52 -0.28065     -0.16807    
 140   52 -0.29205     -0.15764    
 148   52 -0.29674     -0.15008    
 156   52 -0.29587     -0.14639    
 164   52 -0.29045     -0.14683    
 172   52 -0.28127     -0.15122    
 180   52 -0.26881     -0.15911    
 188   52 -0.25330     -0.16990    
 196   52 -0.23481     -0.18290    
 204   52 -0.21332     -0.19736    
 212   52 -0.18877     -0.21247    
 220   52 -0.16112     -0.22735    
 228   52 -0.13043     -0.24105    
 236   52 -0.96948E-01 -0.25262    
 244   52 -0.61148E-01 -0.26115    
 252   52 -0.23760E-01 -0.26590    
   4   60 -0.59026E-03 -0.31784E-01
  12   60 -0.19082E-02 -0.33930E-01
  20   60 -0.36589E-02 -0.38274E-01
  28   60 -0.61987E-02 -0.44905E-01
  36   60 -0.99838E-02 -0.53913E-01
  44   60 -0.15599E-01 -0.65323E-01
  52   60 -0.23758E-01 -0.79000E-01
  60   60 -0.35250E-01 -0.94528E-01
  68   60 -0.50794E-01 -0.11110    
  76   60 -0.70799E-01 -0.12749    
  84   60 -0.95099E-01 -0.14219    
  92   60 -0.12276     -0.15369    
 100   60 -0.15212     -0.16093    
 108   60 -0.18108     -0.16360    
 116   60 -0.20750     -0.16229    
 124   60 -0.22968     -0.15831    
 132   60 -0.24663     -0.15339    
 140   60 -0.25808     -0.14925    
 148   60 -0.26431     -0.14723    
 156   60 -0.26591     -0.14822    
 164   60 -0.26347     -0.15261    
 172   60 -0.25751     -0.16043    
 180   60 -0.24836     -0.17145    
 188   60 -0.23618     -0.18524    
 196   60 -0.22099     -0.20126    
 204   60 -0.20270     -0.21884    
 212   60 -0.18113     -0.23718    
 220   60 -0.15611     -0.25536    
 228   60 -0.12755     -0.27228    
 236   60 -0.95587E-01 -0.28674    
 244   60 -0.60669E-01 -0.29753    
 252   60 -0.23659E-01 -0.30360    
   4   68 -0.10290E-02 -0.30114E-01
  12   68 -0.32329E-02 -0.31970E-01
  20   68 -0.58874E-02 -0.35702E-01
  28   68 -0.93355E-02 -0.41335E-01
  36   68 -0.13978E-01 -0.48869E-01
  44   68 -0.20279E-01 -0.58234E-01
  52   68 -0.28750E-01 -0.69230E-01
  60   68 -0.39892E-01 -0.81465E-01
  68   68 -0.54094E-01 -0.94315E-01
  76   68 -0.71493E-01 -0.10694    
  84   68 -0.91837E-01 -0.11837    
  92   68 -0.11441     -0.12774    
 100   68 -0.13807     -0.13445    
 108   68 -0.16141     -0.13838    
 116   68 -0.18304     -0.13995    
 124   68 -0.20175     -0.14003    
 132   68 -0.21680     -0.13976    
 140   68 -0.22784     -0.14032    
 148   68 -0.23490     -0.14271    
 156   68 -0.23824     -0.14764    
 164   68 -0.23820     -0.15553    
 172   68 -0.23507     -0.16651    
 180   68 -0.22906     -0.18049    
 188   68 -0.22023     -0.19721    
 196   68 -0.20852     -0.21625    
 204   68 -0.19371     -0.23706    
 212   68 -0.17546     -0.25891    
 220   68 -0.15337     -0.28085    
 228   68 -0.12708     -0.30166    
 236   68 -0.96456E-01 -0.31984    
 244   68 -0.61841E-01 -0.33368    
 252   68 -0.24259E-01 -0.34158    
   4   76 -0.13167E-02 -0.27719E-01
  12   76 -0.40905E-02 -0.29285E-01
  20   76 -0.72928E-02 -0.32418E-01
  28   76 -0.11232E-01 -0.37105E-01
  36   76 -0.16244E-01 -0.43302E-01
  44   76 -0.22689E-01 -0.50904E-01
  52   76 -0.30926E-01 -0.59710E-01
  60   76 -0.41272E-01 -0.69393E-01
  68   76 -0.53932E-01 -0.79496E-01
  76   76 -0.68918E-01 -0.89452E-01
  84   76 -0.85981E-01 -0.98663E-01
  92   76 -0.10458     -0.10661    
 100   76 -0.12391     -0.11299    
 108   76 -0.14303     -0.11778    
 116   76 -0.16098     -0.12131    
 124   76 -0.17694     -0.12421    
 132   76 -0.19032     -0.12726    
 140   76 -0.20081     -0.13129    
 148   76 -0.20834     -0.13707    
 156   76 -0.21301     -0.14517    
 164   76 -0.21499     -0.15597    
 172   76 -0.21444     -0.16968    
 180   76 -0.21148     -0.18629    
 188   76 -0.20608     -0.20568    
 196   76 -0.19809     -0.22759    
 204   76 -0.18716     -0.25163    
 212   76 -0.17273     -0.27722    
 220   76 -0.15408     -0.30349    
 228   76 -0.13037     -0.32916    
 236   76 -0.10095     -0.35235    
 244   76 -0.65792E-01 -0.37059    
 252   76 -0.26066E-01 -0.38127    
   4   84 -0.14716E-02 -0.24887E-01
  12   84 -0.45419E-02 -0.26184E-01
  20   84 -0.79970E-02 -0.28768E-01
  28   84 -0.12103E-01 -0.32610E-01
  36   84 -0.17133E-01 -0.37650E-01
  44   84 -0.23362E-01 -0.43781E-01
  52   84 -0.31044E-01 -0.50829E-01
  60   84 -0.40380E-01 -0.58543E-01
  68   84 -0.51475E-01 -0.66599E-01
  76   84 -0.64292E-01 -0.74629E-01
  84   84 -0.78614E-01 -0.82266E-01
  92   84 -0.94038E-01 -0.89221E-01
 100   84 -0.11000     -0.95351E-01
 108   84 -0.12586     -0.10071    
 116   84 -0.14095     -0.10558    
 124   84 -0.15470     -0.11041    
 132   84 -0.16667     -0.11579    
 140   84 -0.17663     -0.12234    
 148   84 -0.18448     -0.13062    
 156   84 -0.19024     -0.14113    
 164   84 -0.19402     -0.15421    
 172   84 -0.19591     -0.17007    
 180   84 -0.19597     -0.18881    
 188   84 -0.19414     -0.21044    
 196   84 -0.19021     -0.23488    
 204   84 -0.18371     -0.26198    
 212   84 -0.17389     -0.29143    
 220   84 -0.15957     -0.32265    
 228   84 -0.13923     -0.35446    
 236   84 -0.11119     -0.38469    
 244   84 -0.74440E-01 -0.40978    
 252   84 -0.29998E-01 -0.42512    
   4   92 -0.15182E-02 -0.21860E-01
  12   92 -0.46652E-02 -0.22919E-01
  20   92 -0.81443E-02 -0.25023E-01
  28   92 -0.12178E-01 -0.28139E-01
  36   92 -0.16986E-01 -0.32208E-01
  44   92 -0.22778E-01 -0.37136E-01
  52   92 -0.29734E-01 -0.42787E-01
  60   92 -0.37986E-01 -0.48978E-01
  68   92 -0.47585E-01 -0.55493E-01
  76   92 -0.58481E-01 -0.62098E-01
  84   92 -0.70501E-01 -0.68583E-01
  92   92 -0.83352E-01 -0.74801E-01
 100   92 -0.96643E-01 -0.80711E-01
 108   92 -0.10992     -0.86411E-01
 116   92 -0.12275     -0.92139E-01
 124   92 -0.13473     -0.98258E-01
 132   92 -0.14556     -0.10521    
 140   92 -0.15506     -0.11348    
 148   92 -0.16316     -0.12352    
 156   92 -0.16989     -0.13571    
 164   92 -0.17533     -0.15037    
 172   92 -0.17957     -0.16774    
 180   92 -0.18266     -0.18799    
 188   92 -0.18457     -0.21125    
 196   92 -0.18509     -0.23764    
 204   92 -0.18375     -0.26734    
 212   92 -0.17964     -0.30047    
 220   92 -0.17120     -0.33704    
 228   92 -0.15598     -0.37650    
 236   92 -0.13055     -0.41689    
 244   92 -0.91397E-01 -0.45340    
 252   92 -0.37981E-01 -0.47751    
   4  100 -0.14827E-02 -0.18830E-01
  12  100 -0.45414E-02 -0.19685E-01
  20  100 -0.78789E-02 -0.21382E-01
  28  100 -0.11678E-01 -0.23891E-01
  36  100 -0.16114E-01 -0.27161E-01
  44  100 -0.21345E-01 -0.31119E-01
  52  100 -0.27504E-01 -0.35665E-01
  60  100 -0.34678E-01 -0.40674E-01
  68  100 -0.42896E-01 -0.46010E-01
  76  100 -0.52110E-01 -0.51537E-01
  84  100 -0.62191E-01 -0.57144E-01
  92  100 -0.72932E-01 -0.62776E-01
 100  100 -0.84064E-01 -0.68456E-01
 108  100 -0.95286E-01 -0.74303E-01
 116  100 -0.10630     -0.80530E-01
 124  100 -0.11685     -0.87436E-01
 132  100 -0.12674     -0.95373E-01
 140  100 -0.13587     -0.10471    
 148  100 -0.14422     -0.11582    
 156  100 -0.15184     -0.12902    
 164  100 -0.15883     -0.14459    
 172  100 -0.16532     -0.16276    
 180  100 -0.17143     -0.18376    
 188  100 -0.17721     -0.20783    
 196  100 -0.18257     -0.23531    
 204  100 -0.18718     -0.26669    
 212  100 -0.19021     -0.30273    
 220  100 -0.18999     -0.34439    
 228  100 -0.18330     -0.39261    
 236  100 -0.16436     -0.44726    
 244  100 -0.12417     -0.50380    
 252  100 -0.54879E-01 -0.54699    
   4  108 -0.13897E-02 -0.15935E-01
  12  108 -0.42460E-02 -0.16620E-01
  20  108 -0.73318E-02 -0.17980E-01
  28  108 -0.10795E-01 -0.19990E-01
  36  108 -0.14774E-01 -0.22613E-01
  44  108 -0.19392E-01 -0.25794E-01
  52  108 -0.24747E-01 -0.29466E-01
  60  108 -0.30901E-01 -0.33553E-01
  68  108 -0.37872E-01 -0.37974E-01
  76  108 -0.45626E-01 -0.42661E-01
  84  108 -0.54071E-01 -0.47570E-01
  92  108 -0.63069E-01 -0.52705E-01
 100  108 -0.72441E-01 -0.58125E-01
 108  108 -0.81994E-01 -0.63959E-01
 116  108 -0.91542E-01 -0.70399E-01
 124  108 -0.10093     -0.77695E-01
 132  108 -0.11006     -0.86130E-01
 140  108 -0.11889     -0.96001E-01
 148  108 -0.12747     -0.10760    
 156  108 -0.13588     -0.12118    
 164  108 -0.14429     -0.13698    
 172  108 -0.15289     -0.15522    
 180  108 -0.16192     -0.17613    
 188  108 -0.17157     -0.20002    
 196  108 -0.18199     -0.22737    
 204  108 -0.19319     -0.25900    
 212  108 -0.20480     -0.29624    
 220  108 -0.21569     -0.34124    
 228  108 -0.22296     -0.39733    
 236  108 -0.21969     -0.46909    
 244  108 -0.18917     -0.55971    
 252  108 -0.97020E-01 -0.65237    
   4  116 -0.12605E-02 -0.13268E-01
  12  116 -0.38440E-02 -0.13815E-01
  20  116 -0.66136E-02 -0.14900E-01
  28  116 -0.96882E-02 -0.16506E-01
  36  116 -0.13177E-01 -0.18607E-01
  44  116 -0.17176E-01 -0.21169E-01
  52  116 -0.21761E-01 -0.24151E-01
  60  116 -0.26978E-01 -0.27510E-01
  68  116 -0.32845E-01 -0.31209E-01
  76  116 -0.39340E-01 -0.35224E-01
  84  116 -0.46406E-01 -0.39556E-01
  92  116 -0.53956E-01 -0.44242E-01
 100  116 -0.61881E-01 -0.49364E-01
 108  116 -0.70068E-01 -0.55050E-01
 116  116 -0.78414E-01 -0.61473E-01
 124  116 -0.86846E-01 -0.68841E-01
 132  116 -0.95337E-01 -0.77383E-01
 140  116 -0.10391     -0.87332E-01
 148  116 -0.11267     -0.98908E-01
 156  116 -0.12175     -0.11231    
 164  116 -0.13140     -0.12771    
 172  116 -0.14188     -0.14529    
 180  116 -0.15356     -0.16524    
 188  116 -0.16685     -0.18785    
 196  116 -0.18222     -0.21364    
 204  116 -0.20017     -0.24353    
 212  116 -0.22120     -0.27919    
 220  116 -0.24555     -0.32361    
 228  116 -0.27267     -0.38226    
 236  116 -0.29956     -0.46558    
 244  116 -0.31416     -0.59595    
 252  116 -0.24923     -0.82693    
   4  124 -0.11125E-02 -0.10883E-01
  12  124 -0.33879E-02 -0.11318E-01
  20  124 -0.58127E-02 -0.12182E-01
  28  124 -0.84817E-02 -0.13464E-01
  36  124 -0.11482E-01 -0.15148E-01
  44  124 -0.14888E-01 -0.17217E-01
  52  124 -0.18761E-01 -0.19650E-01
  60  124 -0.23140E-01 -0.22429E-01
  68  124 -0.28042E-01 -0.25547E-01
  76  124 -0.33459E-01 -0.29009E-01
  84  124 -0.39364E-01 -0.32845E-01
  92  124 -0.45708E-01 -0.37110E-01
 100  124 -0.52436E-01 -0.41896E-01
 108  124 -0.59492E-01 -0.47323E-01
 116  124 -0.66839E-01 -0.53545E-01
 124  124 -0.74465E-01 -0.60733E-01
 132  124 -0.82399E-01 -0.69067E-01
 140  124 -0.90724E-01 -0.78724E-01
 148  124 -0.99579E-01 -0.89859E-01
 156  124 -0.10917     -0.10260    
 164  124 -0.11979     -0.11706    
 172  124 -0.13180     -0.13331    
 180  124 -0.14569     -0.15147    
 188  124 -0.16206     -0.17172    
 196  124 -0.18174     -0.19443    
 204  124 -0.20580     -0.22036    
 212  124 -0.23573     -0.25097    
 220  124 -0.27365     -0.28910    
 228  124 -0.32265     -0.34021    
 236  124 -0.38800     -0.41522    
 244  124 -0.48239     -0.53777    
 252  124 -0.67014     -0.76352    
   4  132 -0.95923E-03 -0.88038E-02
  12  132 -0.29178E-02 -0.91486E-02
  20  132 -0.49955E-02 -0.98353E-02
  28  132 -0.72678E-02 -0.10859E-01
  36  132 -0.98038E-02 -0.12212E-01
  44  132 -0.12664E-01 -0.13887E-01
  52  132 -0.15897E-01 -0.15881E-01
  60  132 -0.19538E-01 -0.18193E-01
  68  132 -0.23608E-01 -0.20835E-01
  76  132 -0.28110E-01 -0.23831E-01
  84  132 -0.33038E-01 -0.27226E-01
  92  132 -0.38376E-01 -0.31085E-01
 100  132 -0.44105E-01 -0.35500E-01
 108  132 -0.50217E-01 -0.40581E-01
 116  132 -0.56718E-01 -0.46460E-01
 124  132 -0.63643E-01 -0.53273E-01
 132  132 -0.71067E-01 -0.61156E-01
 140  132 -0.79109E-01 -0.70232E-01
 148  132 -0.87951E-01 -0.80592E-01
 156  132 -0.97837E-01 -0.92294E-01
 164  132 -0.10910     -0.10535    
 172  132 -0.12217     -0.11975    
 180  132 -0.13761     -0.13545    
 188  132 -0.15621     -0.15243    
 196  132 -0.17902     -0.17077    
 204  132 -0.20757     -0.19073    
 212  132 -0.24416     -0.21305    
 220  132 -0.29241     -0.23925    
 228  132 -0.35830     -0.27240    
 236  132 -0.45226     -0.31801    
 244  132 -0.59375     -0.38289    
 252  132 -0.81591     -0.45756    
   4  140 -0.81021E-03 -0.70295E-02
  12  140 -0.24625E-02 -0.73029E-02
  20  140 -0.42093E-02 -0.78488E-02
  28  140 -0.61106E-02 -0.86662E-02
  36  140 -0.82220E-02 -0.97547E-02
  44  140 -0.10593E-01 -0.11116E-01
  52  140 -0.13263E-01 -0.12755E-01
  60  140 -0.16267E-01 -0.14686E-01
  68  140 -0.19626E-01 -0.16931E-01
  76  140 -0.23355E-01 -0.19525E-01
  84  140 -0.27464E-01 -0.22520E-01
  92  140 -0.31959E-01 -0.25984E-01
 100  140 -0.36851E-01 -0.30003E-01
 108  140 -0.42162E-01 -0.34674E-01
 116  140 -0.47933E-01 -0.40104E-01
 124  140 -0.54229E-01 -0.46400E-01
 132  140 -0.61156E-01 -0.53656E-01
 140  140 -0.68861E-01 -0.61941E-01
 148  140 -0.77544E-01 -0.71288E-01
 156  140 -0.87474E-01 -0.81679E-01
 164  140 -0.99000E-01 -0.93038E-01
 172  140 -0.11258     -0.10522    
 180  140 -0.12881     -0.11802    
 188  140 -0.14852     -0.13116    
 196  140 -0.17285     -0.14431    
 204  140 -0.20352     -0.15710    
 212  140 -0.24311     -0.16912    
 220  140 -0.29579     -0.17997    
 228  140 -0.36848     -0.18927    
 236  140 -0.47271     -0.19667    
 244  140 -0.62560     -0.20188    
 252  140 -0.84107     -0.20470    
   4  148 -0.67185E-03 -0.55448E-02
  12  148 -0.20407E-02 -0.57615E-02
  20  148 -0.34845E-02 -0.61958E-02
  28  148 -0.50511E-02 -0.68495E-02
  36  148 -0.67851E-02 -0.77268E-02
  44  148 -0.87270E-02 -0.88352E-02
  52  148 -0.10913E-01 -0.10187E-01
  60  148 -0.13372E-01 -0.11803E-01
  68  148 -0.16131E-01 -0.13711E-01
  76  148 -0.19211E-01 -0.15953E-01
  84  148 -0.22634E-01 -0.18580E-01
  92  148 -0.26423E-01 -0.21659E-01
 100  148 -0.30607E-01 -0.25266E-01
 108  148 -0.35231E-01 -0.29484E-01
 116  148 -0.40356E-01 -0.34398E-01
 124  148 -0.46070E-01 -0.40082E-01
 132  148 -0.52494E-01 -0.46594E-01
 140  148 -0.59787E-01 -0.53957E-01
 148  148 -0.68157E-01 -0.62146E-01
 156  148 -0.77869E-01 -0.71075E-01
 164  148 -0.89264E-01 -0.80579E-01
 172  148 -0.10278     -0.90397E-01
 180  148 -0.11897     -0.10015    
 188  148 -0.13860     -0.10931    
 196  148 -0.16272     -0.11714    
 204  148 -0.19284     -0.12263    
 212  148 -0.23123     -0.12425    
 220  148 -0.28148     -0.11966    
 228  148 -0.34954     -0.10502    
 236  148 -0.44581     -0.74143E-01
 244  148 -0.58971     -0.19644E-01
 252  148 -0.81435      0.49414E-01
   4  156 -0.54790E-03 -0.43239E-02
  12  156 -0.16636E-02 -0.44958E-02
  20  156 -0.28387E-02 -0.48415E-02
  28  156 -0.41114E-02 -0.53649E-02
  36  156 -0.55179E-02 -0.60731E-02
  44  156 -0.70924E-02 -0.69771E-02
  52  156 -0.88658E-02 -0.80934E-02
  60  156 -0.10867E-01 -0.94454E-02
  68  156 -0.13123E-01 -0.11065E-01
  76  156 -0.15662E-01 -0.12993E-01
  84  156 -0.18510E-01 -0.15281E-01
  92  156 -0.21704E-01 -0.17987E-01
 100  156 -0.25286E-01 -0.21179E-01
 108  156 -0.29312E-01 -0.24923E-01
 116  156 -0.33856E-01 -0.29283E-01
 124  156 -0.39017E-01 -0.34305E-01
 132  156 -0.44920E-01 -0.40014E-01
 140  156 -0.51724E-01 -0.46392E-01
 148  156 -0.59629E-01 -0.53367E-01
 156  156 -0.68879E-01 -0.60796E-01
 164  156 -0.79775E-01 -0.68438E-01
 172  156 -0.92691E-01 -0.75938E-01
 180  156 -0.10809     -0.82781E-01
 188  156 -0.12657     -0.88243E-01
 196  156 -0.14890     -0.91299E-01
 204  156 -0.17613     -0.90458E-01
 212  156 -0.20969     -0.83457E-01
 220  156 -0.25163     -0.66659E-01
 228  156 -0.30501     -0.33827E-01
 236  156 -0.37502      0.26628E-01
 244  156 -0.47426      0.13893    
 252  156 -0.66700      0.35912    
   4  164 -0.44007E-03 -0.33357E-02
  12  164 -0.13360E-02 -0.34721E-02
  20  164 -0.22790E-02 -0.37475E-02
  28  164 -0.32999E-02 -0.41669E-02
  36  164 -0.44283E-02 -0.47390E-02
  44  164 -0.56929E-02 -0.54767E-02
  52  164 -0.71214E-02 -0.63980E-02
  60  164 -0.87410E-02 -0.75275E-02
  68  164 -0.10579E-01 -0.88967E-02
  76  164 -0.12667E-01 -0.10545E-01
  84  164 -0.15036E-01 -0.12519E-01
  92  164 -0.17728E-01 -0.14870E-01
 100  164 -0.20792E-01 -0.17653E-01
 108  164 -0.24291E-01 -0.20921E-01
 116  164 -0.28305E-01 -0.24717E-01
 124  164 -0.32933E-01 -0.29064E-01
 132  164 -0.38296E-01 -0.33959E-01
 140  164 -0.44544E-01 -0.39352E-01
 148  164 -0.51853E-01 -0.45135E-01
 156  164 -0.60432E-01 -0.51121E-01
 164  164 -0.70526E-01 -0.57022E-01
 172  164 -0.82416E-01 -0.62418E-01
 180  164 -0.96430E-01 -0.66720E-01
 188  164 -0.11294     -0.69103E-01
 196  164 -0.13236     -0.68413E-01
 204  164 -0.15515     -0.62994E-01
 212  164 -0.18169     -0.50401E-01
 220  164 -0.21217     -0.26842E-01
 228  164 -0.24593      0.13907E-01
 236  164 -0.27988      0.82976E-01
 244  164 -0.30184      0.20331    
 252  164 -0.24447      0.42884    
   4  172 -0.34860E-03 -0.25473E-02
  12  172 -0.10583E-02 -0.26556E-02
  20  172 -0.18055E-02 -0.28750E-02
  28  172 -0.26150E-02 -0.32111E-02
  36  172 -0.35113E-02 -0.36732E-02
  44  172 -0.45188E-02 -0.42745E-02
  52  172 -0.56622E-02 -0.50334E-02
  60  172 -0.69670E-02 -0.59736E-02
  68  172 -0.84606E-02 -0.71249E-02
  76  172 -0.10174E-01 -0.85229E-02
  84  172 -0.12142E-01 -0.10208E-01
  92  172 -0.14409E-01 -0.12225E-01
 100  172 -0.17026E-01 -0.14617E-01
 108  172 -0.20058E-01 -0.17422E-01
 116  172 -0.23583E-01 -0.20667E-01
 124  172 -0.27696E-01 -0.24357E-01
 132  172 -0.32507E-01 -0.28466E-01
 140  172 -0.38148E-01 -0.32922E-01
 148  172 -0.44765E-01 -0.37593E-01
 156  172 -0.52523E-01 -0.42268E-01
 164  172 -0.61598E-01 -0.46637E-01
 172  172 -0.72173E-01 -0.50258E-01
 180  172 -0.84425E-01 -0.52526E-01
 188  172 -0.98501E-01 -0.52621E-01
 196  172 -0.11447     -0.49425E-01
 204  172 -0.13225     -0.41415E-01
 212  172 -0.15135     -0.26485E-01
 220  172 -0.17055     -0.16893E-02
 228  172 -0.18681      0.37054E-01
 236  172 -0.19309      0.94984E-01
 244  172 -0.17253      0.17585    
 252  172 -0.90580E-01  0.26323    
   4  180 -0.27268E-03 -0.19267E-02
  12  180 -0.82803E-03 -0.20126E-02
  20  180 -0.14134E-02 -0.21872E-02
  28  180 -0.20488E-02 -0.24562E-02
  36  180 -0.27546E-02 -0.28288E-02
  44  180 -0.35518E-02 -0.33178E-02
  52  180 -0.44622E-02 -0.39405E-02
  60  180 -0.55096E-02 -0.47189E-02
  68  180 -0.67203E-02 -0.56798E-02
  76  180 -0.81247E-02 -0.68545E-02
  84  180 -0.97585E-02 -0.82775E-02
  92  180 -0.11665E-01 -0.99845E-02
 100  180 -0.13894E-01 -0.12009E-01
 108  180 -0.16510E-01 -0.14378E-01
 116  180 -0.19583E-01 -0.17103E-01
 124  180 -0.23201E-01 -0.20177E-01
 132  180 -0.27460E-01 -0.23557E-01
 140  180 -0.32466E-01 -0.27159E-01
 148  180 -0.38336E-01 -0.30839E-01
 156  180 -0.45186E-01 -0.34381E-01
 164  180 -0.53125E-01 -0.37475E-01
 172  180 -0.62242E-01 -0.39696E-01
 180  180 -0.72581E-01 -0.40480E-01
 188  180 -0.84101E-01 -0.39086E-01
 196  180 -0.96611E-01 -0.34561E-01
 204  180 -0.10965     -0.25693E-01
 212  180 -0.12227     -0.10984E-01
 220  180 -0.13264      0.11311E-01
 228  180 -0.13740      0.42882E-01
 236  180 -0.13059      0.84238E-01
 244  180 -0.10304      0.13140    
 252  180 -0.46707E-01  0.16950    
   4  188 -0.21093E-03 -0.14438E-02
  12  188 -0.64080E-03 -0.15118E-02
  20  188 -0.10948E-02 -0.16505E-02
  28  188 -0.15892E-02 -0.18652E-02
  36  188 -0.21411E-02 -0.21646E-02
  44  188 -0.27684E-02 -0.25604E-02
  52  188 -0.34905E-02 -0.30684E-02
  60  188 -0.43292E-02 -0.37081E-02
  68  188 -0.53093E-02 -0.45029E-02
  76  188 -0.64595E-02 -0.54793E-02
  84  188 -0.78143E-02 -0.66657E-02
  92  188 -0.94143E-02 -0.80903E-02
 100  188 -0.11308E-01 -0.97780E-02
 108  188 -0.13552E-01 -0.11745E-01
 116  188 -0.16212E-01 -0.13995E-01
 124  188 -0.19361E-01 -0.16508E-01
 132  188 -0.23080E-01 -0.19235E-01
 140  188 -0.27453E-01 -0.22086E-01
 148  188 -0.32562E-01 -0.24918E-01
 156  188 -0.38480E-01 -0.27522E-01
 164  188 -0.45257E-01 -0.29611E-01
 172  188 -0.52905E-01 -0.30804E-01
 180  188 -0.61367E-01 -0.30609E-01
 188  188 -0.70475E-01 -0.28417E-01
 196  188 -0.79882E-01 -0.23489E-01
 204  188 -0.88962E-01 -0.14977E-01
 212  188 -0.96646E-01 -0.19855E-02
 220  188 -0.10120      0.16243E-01
 228  188 -0.99987E-01  0.39892E-01
 236  188 -0.89373E-01  0.67648E-01
 244  188 -0.65639E-01  0.95223E-01
 252  188 -0.28019E-01  0.11450    
   4  196 -0.16163E-03 -0.10720E-02
  12  196 -0.49135E-03 -0.11256E-02
  20  196 -0.84053E-03 -0.12352E-02
  28  196 -0.12226E-02 -0.14058E-02
  36  196 -0.16519E-02 -0.16449E-02
  44  196 -0.21438E-02 -0.19632E-02
  52  196 -0.27154E-02 -0.23743E-02
  60  196 -0.33863E-02 -0.28950E-02
  68  196 -0.41794E-02 -0.35450E-02
  76  196 -0.51215E-02 -0.43464E-02
  84  196 -0.62443E-02 -0.53217E-02
  92  196 -0.75853E-02 -0.64928E-02
 100  196 -0.91884E-02 -0.78771E-02
 108  196 -0.11104E-01 -0.94836E-02
 116  196 -0.13388E-01 -0.11308E-01
 124  196 -0.16103E-01 -0.13325E-01
 132  196 -0.19311E-01 -0.15484E-01
 140  196 -0.23074E-01 -0.17695E-01
 148  196 -0.27446E-01 -0.19825E-01
 156  196 -0.32462E-01 -0.21685E-01
 164  196 -0.38127E-01 -0.23022E-01
 172  196 -0.44397E-01 -0.23512E-01
 180  196 -0.51150E-01 -0.22757E-01
 188  196 -0.58151E-01 -0.20286E-01
 196  196 -0.64997E-01 -0.15574E-01
 204  196 -0.71050E-01 -0.80914E-02
 212  196 -0.75348E-01  0.26036E-02
 220  196 -0.76533E-01  0.16670E-01
 228  196 -0.72849E-01  0.33653E-01
 236  196 -0.62400E-01  0.52009E-01
 244  196 -0.43932E-01  0.68693E-01
 252  196 -0.18201E-01  0.79477E-01
   4  204 -0.12299E-03 -0.78808E-03
  12  204 -0.37419E-03 -0.83003E-03
  20  204 -0.64125E-03 -0.91604E-03
  28  204 -0.93528E-03 -0.10504E-02
  36  204 -0.12683E-02 -0.12397E-02
  44  204 -0.16535E-02 -0.14931E-02
  52  204 -0.21060E-02 -0.18220E-02
  60  204 -0.26434E-02 -0.22405E-02
  68  204 -0.32863E-02 -0.27649E-02
  76  204 -0.40590E-02 -0.34127E-02
  84  204 -0.49902E-02 -0.42017E-02
  92  204 -0.61136E-02 -0.51481E-02
 100  204 -0.74676E-02 -0.62635E-02
 108  204 -0.90959E-02 -0.75516E-02
 116  204 -0.11045E-01 -0.90037E-02
 124  204 -0.13366E-01 -0.10593E-01
 132  204 -0.16104E-01 -0.12269E-01
 140  204 -0.19303E-01 -0.13950E-01
 148  204 -0.22993E-01 -0.15517E-01
 156  204 -0.27179E-01 -0.16807E-01
 164  204 -0.31836E-01 -0.17609E-01
 172  204 -0.36883E-01 -0.17662E-01
 180  204 -0.42167E-01 -0.16657E-01
 188  204 -0.47434E-01 -0.14253E-01
 196  204 -0.52292E-01 -0.10103E-01
 204  204 -0.56175E-01 -0.39096E-02
 212  204 -0.58318E-01  0.44852E-02
 220  204 -0.57760E-01  0.14957E-01
 228  204 -0.53436E-01  0.26907E-01
 236  204 -0.44435E-01  0.39075E-01
 244  204 -0.30465E-01  0.49508E-01
 252  204 -0.12409E-01  0.55949E-01
   4  212 -0.93256E-04 -0.57241E-03
  12  212 -0.28406E-03 -0.60486E-03
  20  212 -0.48789E-03 -0.67153E-03
  28  212 -0.71401E-03 -0.77602E-03
  36  212 -0.97258E-03 -0.92386E-03
  44  212 -0.12750E-02 -0.11225E-02
  52  212 -0.16347E-02 -0.13816E-02
  60  212 -0.20670E-02 -0.17123E-02
  68  212 -0.25905E-02 -0.21277E-02
  76  212 -0.32268E-02 -0.26415E-02
  84  212 -0.40016E-02 -0.32672E-02
  92  212 -0.49442E-02 -0.40165E-02
 100  212 -0.60881E-02 -0.48967E-02
 108  212 -0.74698E-02 -0.59080E-02
 116  212 -0.91279E-02 -0.70397E-02
 124  212 -0.11101E-01 -0.82657E-02
 132  212 -0.13423E-01 -0.95398E-02
 140  212 -0.16120E-01 -0.10791E-01
 148  212 -0.19203E-01 -0.11918E-01
 156  212 -0.22660E-01 -0.12788E-01
 164  212 -0.26443E-01 -0.13230E-01
 172  212 -0.30455E-01 -0.13043E-01
 180  212 -0.34536E-01 -0.11999E-01
 188  212 -0.38441E-01 -0.98632E-02
 196  212 -0.41824E-01 -0.64203E-02
 204  212 -0.44226E-01 -0.15234E-02
 212  212 -0.45078E-01  0.48367E-02
 220  212 -0.43737E-01  0.12442E-01
 228  212 -0.39591E-01  0.20754E-01
 236  212 -0.32233E-01  0.28859E-01
 244  212 -0.21713E-01  0.35544E-01
 252  212 -0.87493E-02  0.39553E-01
   4  220 -0.70881E-04 -0.40875E-03
  12  220 -0.21621E-03 -0.43335E-03
  20  220 -0.37238E-03 -0.48399E-03
  28  220 -0.54722E-03 -0.56358E-03
  36  220 -0.74939E-03 -0.67655E-03
  44  220 -0.98885E-03 -0.82888E-03
  52  220 -0.12772E-02 -0.10281E-02
  60  220 -0.16283E-02 -0.12831E-02
  68  220 -0.20585E-02 -0.16039E-02
  76  220 -0.25869E-02 -0.20009E-02
  84  220 -0.32362E-02 -0.24841E-02
  92  220 -0.40318E-02 -0.30616E-02
 100  220 -0.50023E-02 -0.37377E-02
 108  220 -0.61781E-02 -0.45105E-02
 116  220 -0.75900E-02 -0.53693E-02
 124  220 -0.92671E-02 -0.62905E-02
 132  220 -0.11233E-01 -0.72347E-02
 140  220 -0.13501E-01 -0.81431E-02
 148  220 -0.16070E-01 -0.89341E-02
 156  220 -0.18912E-01 -0.95020E-02
 164  220 -0.21971E-01 -0.97170E-02
 172  220 -0.25145E-01 -0.94296E-02
 180  220 -0.28280E-01 -0.84789E-02
 188  220 -0.31157E-01 -0.67090E-02
 196  220 -0.33488E-01 -0.39942E-02
 204  220 -0.34916E-01 -0.27556E-03
 212  220 -0.35034E-01  0.43931E-02
 220  220 -0.33427E-01  0.97941E-02
 228  220 -0.29750E-01  0.15507E-01
 236  220 -0.23846E-01  0.20907E-01
 244  220 -0.15865E-01  0.25243E-01
 252  220 -0.63466E-02  0.27795E-01
   4  228 -0.54527E-04 -0.28372E-03
  12  228 -0.16660E-03 -0.30174E-03
  20  228 -0.28788E-03 -0.33889E-03
  28  228 -0.42506E-03 -0.39740E-03
  36  228 -0.58566E-03 -0.48066E-03
  44  228 -0.77842E-03 -0.59323E-03
  52  228 -0.10136E-02 -0.74077E-03
  60  228 -0.13036E-02 -0.92995E-03
  68  228 -0.16628E-02 -0.11682E-02
  76  228 -0.21083E-02 -0.14630E-02
  84  228 -0.26600E-02 -0.18215E-02
  92  228 -0.33400E-02 -0.22492E-02
 100  228 -0.41725E-02 -0.27482E-02
 108  228 -0.51828E-02 -0.33161E-02
 116  228 -0.63954E-02 -0.39429E-02
 124  228 -0.78320E-02 -0.46095E-02
 132  228 -0.95076E-02 -0.52843E-02
 140  228 -0.11427E-01 -0.59212E-02
 148  228 -0.13579E-01 -0.64581E-02
 156  228 -0.15930E-01 -0.68158E-02
 164  228 -0.18417E-01 -0.68998E-02
 172  228 -0.20943E-01 -0.66041E-02
 180  228 -0.23366E-01 -0.58199E-02
 188  228 -0.25497E-01 -0.44484E-02
 196  228 -0.27103E-01 -0.24206E-02
 204  228 -0.27911E-01  0.27812E-03
 212  228 -0.27635E-01  0.35784E-02
 220  228 -0.26007E-01  0.73013E-02
 228  228 -0.22841E-01  0.11145E-01
 236  228 -0.18092E-01  0.14698E-01
 244  228 -0.11928E-01  0.17498E-01
 252  228 -0.47466E-02  0.19125E-01
   4  236 -0.43115E-04 -0.18637E-03
  12  236 -0.13197E-03 -0.19875E-03
  20  236 -0.22885E-03 -0.22429E-03
  28  236 -0.33962E-03 -0.26459E-03
  36  236 -0.47097E-03 -0.32204E-03
  44  236 -0.63069E-03 -0.39985E-03
  52  236 -0.82805E-03 -0.50200E-03
  60  236 -0.10741E-02 -0.63313E-03
  68  236 -0.13820E-02 -0.79833E-03
  76  236 -0.17670E-02 -0.10028E-02
  84  236 -0.22466E-02 -0.12511E-02
  92  236 -0.28405E-02 -0.15468E-02
 100  236 -0.35694E-02 -0.18909E-02
 108  236 -0.44546E-02 -0.22810E-02
 116  236 -0.55157E-02 -0.27093E-02
 124  236 -0.67688E-02 -0.31613E-02
 132  236 -0.82232E-02 -0.36142E-02
 140  236 -0.98772E-02 -0.40348E-02
 148  236 -0.11714E-01 -0.43793E-02
 156  236 -0.13696E-01 -0.45930E-02
 164  236 -0.15761E-01 -0.46115E-02
 172  236 -0.17815E-01 -0.43649E-02
 180  236 -0.19731E-01 -0.37837E-02
 188  236 -0.21348E-01 -0.28088E-02
 196  236 -0.22475E-01 -0.14048E-02
 204  236 -0.22904E-01  0.42436E-03
 212  236 -0.22430E-01  0.26184E-02
 220  236 -0.20877E-01  0.50483E-02
 228  236 -0.18144E-01  0.75137E-02
 236  236 -0.14243E-01  0.97579E-02
 244  236 -0.93262E-02  0.11504E-01
 252  236 -0.36970E-02  0.12510E-01
   4  244 -0.35834E-04 -0.10765E-03
  12  244 -0.10987E-03 -0.11503E-03
  20  244 -0.19115E-03 -0.13029E-03
  28  244 -0.28501E-03 -0.15438E-03
  36  244 -0.39754E-03 -0.18876E-03
  44  244 -0.53593E-03 -0.23539E-03
  52  244 -0.70871E-03 -0.29665E-03
  60  244 -0.92610E-03 -0.37535E-03
  68  244 -0.12002E-02 -0.47453E-03
  76  244 -0.15450E-02 -0.59723E-03
  84  244 -0.19767E-02 -0.74618E-03
  92  244 -0.25127E-02 -0.92327E-03
 100  244 -0.31716E-02 -0.11290E-02
 108  244 -0.39718E-02 -0.13614E-02
 116  244 -0.49298E-02 -0.16157E-02
 124  244 -0.60578E-02 -0.18826E-02
 132  244 -0.73613E-02 -0.21479E-02
 140  244 -0.88347E-02 -0.23914E-02
 148  244 -0.10458E-01 -0.25865E-02
 156  244 -0.12192E-01 -0.27005E-02
 164  244 -0.13975E-01 -0.26955E-02
 172  244 -0.15719E-01 -0.25310E-02
 180  244 -0.17308E-01 -0.21679E-02
 188  244 -0.18600E-01 -0.15748E-02
 196  244 -0.19437E-01 -0.73530E-03
 204  244 -0.19650E-01  0.34295E-03
 212  244 -0.19083E-01  0.16197E-02
 220  244 -0.17616E-01  0.30165E-02
 228  244 -0.15194E-01  0.44179E-02
 236  244 -0.11849E-01  0.56808E-02
 244  244 -0.77216E-02  0.66555E-02
 252  244 -0.30526E-02  0.72140E-02
   4  252 -0.32135E-04 -0.39869E-04
  12  252 -0.98638E-04 -0.42655E-04
  20  252 -0.17198E-03 -0.48410E-04
  28  252 -0.25722E-03 -0.57503E-04
  36  252 -0.36015E-03 -0.70489E-04
  44  252 -0.48761E-03 -0.88107E-04
  52  252 -0.64775E-03 -0.11127E-03
  60  252 -0.85034E-03 -0.14104E-03
  68  252 -0.11069E-02 -0.17855E-03
  76  252 -0.14309E-02 -0.22495E-03
  84  252 -0.18374E-02 -0.28126E-03
  92  252 -0.23430E-02 -0.34815E-03
 100  252 -0.29650E-02 -0.42575E-03
 108  252 -0.37203E-02 -0.51331E-03
 116  252 -0.46236E-02 -0.60887E-03
 124  252 -0.56853E-02 -0.70889E-03
 132  252 -0.69088E-02 -0.80789E-03
 140  252 -0.82868E-02 -0.89815E-03
 148  252 -0.97976E-02 -0.96957E-03
 156  252 -0.11402E-01 -0.10098E-02
 164  252 -0.13038E-01 -0.10047E-02
 172  252 -0.14621E-01 -0.93919E-03
 180  252 -0.16042E-01 -0.79920E-03
 188  252 -0.17172E-01 -0.57352E-03
 196  252 -0.17865E-01 -0.25695E-03
 204  252 -0.17976E-01  0.14662E-03
 212  252 -0.17373E-01  0.62124E-03
 220  252 -0.15962E-01  0.11372E-02
 228  252 -0.13708E-01  0.16519E-02
 236  252 -0.10651E-01  0.21132E-02
 244  252 -0.69216E-02  0.24679E-02
 252  252 -0.27321E-02  0.26706E-02
