4 4 0.007084 -0.007161
4 12 0.006675 -0.021062
4 20 0.005916 -0.033765
4 28 0.004911 -0.044664
4 36 0.003780 -0.053386
4 44 0.002633 -0.059795
4 52 0.001555 -0.063954
4 60 0.000601 -0.066067
4 68 -0.000200 -0.066417
4 76 -0.000843 -0.065324
4 84 -0.001333 -0.063101
4 92 -0.001687 -0.060039
4 100 -0.001923 -0.056393
4 108 -0.002062 -0.052377
4 116 -0.002123 -0.048167
4 124 -0.002123 -0.043901
4 132 -0.002076 -0.039686
4 140 -0.001996 -0.035602
4 148 -0.001892 -0.031705
4 156 -0.001774 -0.028032
4 164 -0.001648 -0.024606
4 172 -0.001519 -0.021434
4 180 -0.001394 -0.018518
4 188 -0.001274 -0.015849
4 196 -0.001162 -0.013412
4 204 -0.001061 -0.011189
4 212 -0.000971 -0.009157
4 220 -0.000895 -0.007290
4 228 -0.000833 -0.005562
4 236 -0.000786 -0.003944
4 244 -0.000753 -0.002406
4 252 -0.000736 -0.000918
12 4 0.021725 -0.007645
12 12 0.020430 -0.022444
12 20 0.018043 -0.035861
12 28 0.014904 -0.047228
12 36 0.011395 -0.056169
12 44 0.007864 -0.062587
12 52 0.004570 -0.066606
12 60 0.001677 -0.068489
12 68 -0.000739 -0.068570
12 76 -0.002663 -0.067201
12 84 -0.004123 -0.064718
12 92 -0.005170 -0.061422
12 100 -0.005865 -0.057572
12 108 -0.006268 -0.053382
12 116 -0.006437 -0.049024
12 124 -0.006425 -0.044635
12 132 -0.006276 -0.040317
12 140 -0.006027 -0.036145
12 148 -0.005710 -0.032174
12 156 -0.005350 -0.028438
12 164 -0.004968 -0.024956
12 172 -0.004581 -0.021737
12 180 -0.004201 -0.018778
12 188 -0.003839 -0.016071
12 196 -0.003502 -0.013601
12 204 -0.003197 -0.011347
12 212 -0.002928 -0.009286
12 220 -0.002698 -0.007394
12 228 -0.002511 -0.005642
12 236 -0.002368 -0.004001
12 244 -0.002270 -0.002441
12 252 -0.002218 -0.000931
20 4 0.037849 -0.008684
20 12 0.035454 -0.025402
20 20 0.031077 -0.040311
20 28 0.025396 -0.052614
20 36 0.019146 -0.061946
20 44 0.012957 -0.068320
20 52 0.007273 -0.071996
20 60 0.002352 -0.073371
20 68 -0.001703 -0.072878
20 76 -0.004894 -0.070937
20 84 -0.007288 -0.067923
20 92 -0.008983 -0.064156
20 100 -0.010088 -0.059899
20 108 -0.010712 -0.055363
20 116 -0.010952 -0.050716
20 124 -0.010895 -0.046083
20 132 -0.010617 -0.041561
20 140 -0.010178 -0.037218
20 148 -0.009630 -0.033101
20 156 -0.009015 -0.029240
20 164 -0.008366 -0.025650
20 172 -0.007710 -0.022336
20 180 -0.007068 -0.019294
20 188 -0.006457 -0.016512
20 196 -0.005890 -0.013975
20 204 -0.005376 -0.011660
20 212 -0.004924 -0.009543
20 220 -0.004539 -0.007599
20 228 -0.004224 -0.005799
20 236 -0.003984 -0.004113
20 244 -0.003819 -0.002509
20 252 -0.003732 -0.000958
28 4 0.056697 -0.010451
28 12 0.052757 -0.030386
28 20 0.045667 -0.047694
28 28 0.036668 -0.061379
28 36 0.027018 -0.071161
28 44 0.017706 -0.077287
28 52 0.009360 -0.080285
28 60 0.002291 -0.080771
28 68 -0.003420 -0.079334
28 76 -0.007834 -0.076488
28 84 -0.011086 -0.072655
28 92 -0.013344 -0.068175
28 100 -0.014778 -0.063311
28 108 -0.015547 -0.058265
28 116 -0.015794 -0.053193
28 124 -0.015639 -0.048206
28 132 -0.015187 -0.043387
28 140 -0.014523 -0.038795
28 148 -0.013716 -0.034466
28 156 -0.012822 -0.030422
28 164 -0.011887 -0.026674
28 172 -0.010948 -0.023222
28 180 -0.010032 -0.020057
28 188 -0.009163 -0.017165
28 196 -0.008357 -0.014528
28 204 -0.007629 -0.012123
28 212 -0.006987 -0.009924
28 220 -0.006441 -0.007903
28 228 -0.005995 -0.006032
28 236 -0.005655 -0.004278
28 244 -0.005421 -0.002610
28 252 -0.005297 -0.000996
36 4 0.079986 -0.013287
36 12 0.073638 -0.038267
36 20 0.062503 -0.059076
36 28 0.048862 -0.074482
36 36 0.034789 -0.084510
36 44 0.021707 -0.089909
36 52 0.010372 -0.091669
36 60 0.001054 -0.090732
36 68 -0.006278 -0.087889
36 76 -0.011809 -0.083758
36 84 -0.015787 -0.078803
36 92 -0.018473 -0.073369
36 100 -0.020111 -0.067707
36 108 -0.020917 -0.062002
36 116 -0.021079 -0.056383
36 124 -0.020752 -0.050943
36 132 -0.020067 -0.045747
36 140 -0.019130 -0.040837
36 148 -0.018025 -0.036237
36 156 -0.016823 -0.031960
36 164 -0.015579 -0.028009
36 172 -0.014336 -0.024377
36 180 -0.013131 -0.021053
36 188 -0.011989 -0.018018
36 196 -0.010934 -0.015251
36 204 -0.009980 -0.012728
36 212 -0.009142 -0.010421
36 220 -0.008428 -0.008301
36 228 -0.007846 -0.006336
36 236 -0.007401 -0.004495
36 244 -0.007097 -0.002743
36 252 -0.006935 -0.001047
44 4 0.110368 -0.017881
44 12 0.099875 -0.050721
44 20 0.082235 -0.076326
44 28 0.061783 -0.093422
44 36 0.041840 -0.102950
44 44 0.024228 -0.106673
44 52 0.009629 -0.106305
44 60 -0.001929 -0.103219
44 68 -0.010730 -0.098410
44 76 -0.017169 -0.092575
44 84 -0.021658 -0.086190
44 92 -0.024574 -0.079575
44 100 -0.026243 -0.072948
44 108 -0.026945 -0.066454
44 116 -0.026906 -0.060190
44 124 -0.026316 -0.054218
44 132 -0.025325 -0.048579
44 140 -0.024056 -0.043294
44 148 -0.022609 -0.038375
44 156 -0.021063 -0.033822
44 164 -0.019480 -0.029628
44 172 -0.017911 -0.025782
44 180 -0.016396 -0.022265
44 188 -0.014966 -0.019057
44 196 -0.013647 -0.016133
44 204 -0.012457 -0.013466
44 212 -0.011412 -0.011028
44 220 -0.010522 -0.008786
44 228 -0.009798 -0.006707
44 236 -0.009243 -0.004758
44 244 -0.008864 -0.002904
44 252 -0.008662 -0.001108
52 4 0.152437 -0.025764
52 12 0.133950 -0.071135
52 20 0.105093 -0.102707
52 28 0.074432 -0.120383
52 36 0.046843 -0.127602
52 44 0.024057 -0.127969
52 52 0.006172 -0.124179
52 60 -0.007365 -0.118019
52 68 -0.017278 -0.110615
52 76 -0.024269 -0.102656
52 84 -0.028948 -0.094558
52 92 -0.031823 -0.086573
52 100 -0.033306 -0.078850
52 108 -0.033727 -0.071474
52 116 -0.033351 -0.064495
52 124 -0.032390 -0.057936
52 132 -0.031010 -0.051808
52 140 -0.029347 -0.046109
52 148 -0.027508 -0.040834
52 156 -0.025578 -0.035970
52 164 -0.023625 -0.031502
52 172 -0.021703 -0.027410
52 180 -0.019857 -0.023672
52 188 -0.018121 -0.020263
52 196 -0.016522 -0.017157
52 204 -0.015083 -0.014324
52 212 -0.013819 -0.011732
52 220 -0.012744 -0.009348
52 228 -0.011868 -0.007137
52 236 -0.011198 -0.005064
52 244 -0.010740 -0.003091
52 252 -0.010496 -0.001180
60 4 0.215282 -0.040934
60 12 0.178922 -0.106948
60 20 0.129639 -0.143738
60 28 0.084083 -0.158094
60 36 0.047345 -0.159355
60 44 0.019394 -0.153768
60 52 -0.001212 -0.144885
60 60 -0.016037 -0.134629
60 68 -0.026421 -0.124018
60 76 -0.033420 -0.113574
60 84 -0.037855 -0.103556
60 92 -0.040349 -0.094080
60 100 -0.041382 -0.085189
60 108 -0.041323 -0.076887
60 116 -0.040459 -0.069162
60 124 -0.039012 -0.061991
60 132 -0.037158 -0.055351
60 140 -0.035034 -0.049216
60 148 -0.032751 -0.043561
60 156 -0.030397 -0.038362
60 164 -0.028042 -0.033595
60 172 -0.025741 -0.029232
60 180 -0.023541 -0.025249
60 188 -0.021479 -0.021616
60 196 -0.019583 -0.018305
60 204 -0.017878 -0.015284
60 212 -0.016383 -0.012520
60 220 -0.015111 -0.009977
60 228 -0.014075 -0.007618
60 236 -0.013282 -0.005405
60 244 -0.012740 -0.003299
60 252 -0.012452 -0.001259
68 4 0.320332 -0.077409
68 12 0.235098 -0.175610
68 20 0.149165 -0.207364
68 28 0.084883 -0.208607
68 36 0.039522 -0.197927
68 44 0.007961 -0.183096
68 52 -0.013823 -0.167381
68 60 -0.028670 -0.152139
68 68 -0.038548 -0.137884
68 76 -0.044828 -0.124758
68 84 -0.048478 -0.112745
68 92 -0.050197 -0.101761
68 100 -0.050492 -0.091711
68 108 -0.049743 -0.082500
68 116 -0.048236 -0.074044
68 124 -0.046191 -0.066271
68 132 -0.043778 -0.059121
68 140 -0.041131 -0.052545
68 148 -0.038357 -0.046501
68 156 -0.035541 -0.040953
68 164 -0.032752 -0.035868
68 172 -0.030047 -0.031216
68 180 -0.027470 -0.026966
68 188 -0.025061 -0.023090
68 196 -0.022850 -0.019555
68 204 -0.020863 -0.016328
68 212 -0.019120 -0.013374
68 220 -0.017638 -0.010657
68 228 -0.016431 -0.008137
68 236 -0.015508 -0.005773
68 244 -0.014876 -0.003523
68 252 -0.014540 -0.001345
76 4 0.521840 -0.220499
76 12 0.277774 -0.310735
76 20 0.145360 -0.298058
76 28 0.067479 -0.269779
76 36 0.018842 -0.240402
76 44 -0.012401 -0.213506
76 52 -0.032658 -0.189825
76 60 -0.045686 -0.169207
76 68 -0.053805 -0.151248
76 76 -0.058505 -0.135515
76 84 -0.060780 -0.121623
76 92 -0.061312 -0.109253
76 100 -0.060581 -0.098152
76 108 -0.058940 -0.088117
76 116 -0.056649 -0.078995
76 124 -0.053905 -0.070664
76 132 -0.050862 -0.063032
76 140 -0.047639 -0.056029
76 148 -0.044333 -0.049598
76 156 -0.041023 -0.043694
76 164 -0.037774 -0.038281
76 172 -0.034638 -0.033323
76 180 -0.031663 -0.028791
76 188 -0.028885 -0.024654
76 196 -0.026339 -0.020878
76 204 -0.024051 -0.017431
76 212 -0.022045 -0.014275
76 220 -0.020339 -0.011372
76 228 -0.018948 -0.008680
76 236 -0.017884 -0.006157
76 244 -0.017156 -0.003757
76 252 -0.016769 -0.001434
84 4 0.457476 -0.714274
84 12 0.218091 -0.498645
84 20 0.093194 -0.398915
84 28 0.023500 -0.331126
84 36 -0.017653 -0.280413
84 44 -0.042631 -0.241037
84 52 -0.057864 -0.209695
84 60 -0.066936 -0.184195
84 68 -0.071953 -0.163022
84 76 -0.074210 -0.145106
84 84 -0.074545 -0.129684
84 92 -0.073515 -0.116202
84 100 -0.071511 -0.104258
84 108 -0.068811 -0.093556
84 116 -0.065624 -0.083880
84 124 -0.062106 -0.075069
84 132 -0.058379 -0.067006
84 140 -0.054543 -0.059604
84 148 -0.050677 -0.052798
84 156 -0.046849 -0.046540
84 164 -0.043116 -0.040790
84 172 -0.039530 -0.035515
84 180 -0.036134 -0.030687
84 188 -0.032968 -0.026273
84 196 -0.030066 -0.022243
84 204 -0.027457 -0.018563
84 212 -0.025169 -0.015195
84 220 -0.023221 -0.012099
84 228 -0.021633 -0.009231
84 236 -0.020417 -0.006545
84 244 -0.019584 -0.003993
84 252 -0.019141 -0.001524
92 4 0.122288 -0.851946
92 12 0.053274 -0.620193
92 20 -0.007752 -0.473070
92 28 -0.046124 -0.376643
92 36 -0.068591 -0.309771
92 44 -0.081392 -0.261137
92 52 -0.088312 -0.224322
92 60 -0.091522 -0.195474
92 68 -0.092296 -0.172180
92 76 -0.091413 -0.152869
92 84 -0.089372 -0.136487
92 92 -0.086509 -0.122308
92 100 -0.083061 -0.109822
92 108 -0.079198 -0.098670
92 116 -0.075050 -0.088592
92 124 -0.070719 -0.079405
92 132 -0.066286 -0.070976
92 140 -0.061820 -0.063213
92 148 -0.057380 -0.056051
92 156 -0.053020 -0.049441
92 164 -0.048790 -0.043350
92 172 -0.044736 -0.037748
92 180 -0.040899 -0.032610
92 188 -0.037322 -0.027907
92 196 -0.034041 -0.023612
92 204 -0.031089 -0.019690
92 212 -0.028497 -0.016104
92 220 -0.026289 -0.012812
92 228 -0.024486 -0.009767
92 236 -0.023105 -0.006921
92 244 -0.022159 -0.004220
92 252 -0.021656 -0.001610
100 4 -0.133924 -0.874204
100 12 -0.133296 -0.655741
100 20 -0.132052 -0.499712
100 28 -0.130218 -0.394362
100 36 -0.127831 -0.321965
100 44 -0.124934 -0.270215
100 52 -0.121579 -0.231663
100 60 -0.117823 -0.201841
100 68 -0.113722 -0.177989
100 76 -0.109332 -0.158343
100 84 -0.104708 -0.141735
100 92 -0.099898 -0.127375
100 100 -0.094949 -0.114713
100 108 -0.089900 -0.103366
100 116 -0.084791 -0.093063
100 124 -0.079655 -0.083616
100 132 -0.074527 -0.074895
100 140 -0.069441 -0.066813
100 148 -0.064433 -0.059312
100 156 -0.059540 -0.052354
100 164 -0.054804 -0.045915
100 172 -0.050267 -0.039973
100 180 -0.045971 -0.034511
100 188 -0.041959 -0.029508
100 196 -0.038274 -0.024938
100 204 -0.034953 -0.020769
100 212 -0.032032 -0.016963
100 220 -0.029540 -0.013478
100 228 -0.027504 -0.010263
100 236 -0.025943 -0.007265
100 244 -0.024873 -0.004426
100 252 -0.024303 -0.001688
108 4 -0.389573 -0.852510
108 12 -0.319310 -0.621877
108 20 -0.255812 -0.475852
108 28 -0.213795 -0.380486
108 36 -0.186583 -0.314620
108 44 -0.168027 -0.266924
108 52 -0.154446 -0.230959
108 60 -0.143780 -0.202857
108 68 -0.134867 -0.180190
108 76 -0.127042 -0.161370
108 84 -0.119909 -0.145334
108 92 -0.113231 -0.131345
108 100 -0.106859 -0.118893
108 108 -0.100702 -0.107619
108 116 -0.094701 -0.097272
108 124 -0.088822 -0.087682
108 132 -0.083049 -0.078739
108 140 -0.077381 -0.070372
108 148 -0.071828 -0.062544
108 156 -0.066414 -0.055234
108 164 -0.061170 -0.048433
108 172 -0.056138 -0.042135
108 180 -0.051362 -0.036334
108 188 -0.046890 -0.031018
108 196 -0.042771 -0.026166
108 204 -0.039050 -0.021748
108 212 -0.035770 -0.017727
108 220 -0.032968 -0.014058
108 228 -0.030676 -0.010686
108 236 -0.028916 -0.007554
108 244 -0.027709 -0.004598
108 252 -0.027067 -0.001752
116 4 -0.723073 -0.715401
116 12 -0.482460 -0.502011
116 20 -0.355135 -0.404477
116 28 -0.281864 -0.338811
116 36 -0.236057 -0.290114
116 44 -0.205442 -0.252617
116 52 -0.183690 -0.222981
116 60 -0.167330 -0.198980
116 68 -0.154366 -0.179066
116 76 -0.143612 -0.162140
116 84 -0.134332 -0.147411
116 92 -0.126057 -0.134312
116 100 -0.118479 -0.122430
116 108 -0.111388 -0.111476
116 116 -0.104640 -0.101248
116 124 -0.098135 -0.091616
116 132 -0.091808 -0.082504
116 140 -0.085624 -0.073873
116 148 -0.079571 -0.065713
116 156 -0.073657 -0.058033
116 164 -0.067909 -0.050847
116 172 -0.062369 -0.044170
116 180 -0.057088 -0.038011
116 188 -0.052123 -0.032368
116 196 -0.047533 -0.027229
116 204 -0.043375 -0.022565
116 212 -0.039701 -0.018340
116 220 -0.036557 -0.014504
116 228 -0.033980 -0.010999
116 236 -0.032001 -0.007760
116 244 -0.030642 -0.004717
116 252 -0.029919 -0.001796
124 4 -0.784624 -0.222187
124 12 -0.539365 -0.315780
124 20 -0.404595 -0.306396
124 28 -0.323247 -0.281302
124 36 -0.270107 -0.254957
124 44 -0.233419 -0.230890
124 52 -0.206880 -0.209783
124 60 -0.186843 -0.191431
124 68 -0.171097 -0.175378
124 76 -0.158255 -0.161143
124 84 -0.147418 -0.148302
124 92 -0.137984 -0.136508
124 100 -0.129536 -0.125491
124 108 -0.121778 -0.115057
124 116 -0.114496 -0.105074
124 124 -0.107534 -0.095469
124 132 -0.100783 -0.086211
124 140 -0.094177 -0.077308
124 148 -0.087683 -0.068791
124 156 -0.081298 -0.060704
124 164 -0.075050 -0.053094
124 172 -0.068986 -0.046002
124 180 -0.063168 -0.039459
124 188 -0.057669 -0.033475
124 196 -0.052562 -0.028045
124 204 -0.047919 -0.023145
124 212 -0.043806 -0.018735
124 220 -0.040279 -0.014760
124 228 -0.037385 -0.011156
124 236 -0.035162 -0.007850
124 244 -0.033634 -0.004762
124 252 -0.032820 -0.001812
132 4 -0.579184 -0.079655
132 12 -0.492805 -0.182323
132 20 -0.404612 -0.218464
132 28 -0.337011 -0.223958
132 36 -0.287351 -0.217333
132 44 -0.250609 -0.206295
132 52 -0.222868 -0.194041
132 60 -0.201400 -0.181853
132 68 -0.184344 -0.170175
132 76 -0.170427 -0.159079
132 84 -0.158761 -0.148488
132 92 -0.148714 -0.138277
132 100 -0.139823 -0.128326
132 108 -0.131739 -0.118543
132 116 -0.124197 -0.108877
132 124 -0.116995 -0.099320
132 132 -0.109986 -0.089900
132 140 -0.103075 -0.080682
132 148 -0.096212 -0.071747
132 156 -0.089390 -0.063188
132 164 -0.082641 -0.055093
132 172 -0.076025 -0.047537
132 180 -0.069625 -0.040575
132 188 -0.063534 -0.034233
132 196 -0.057849 -0.028515
132 204 -0.052662 -0.023396
132 212 -0.048054 -0.018831
132 220 -0.044098 -0.014759
132 228 -0.040848 -0.011105
132 236 -0.038350 -0.007785
132 244 -0.036634 -0.004711
132 252 -0.035719 -0.001790
140 4 -0.469093 -0.043731
140 12 -0.431646 -0.115311
140 20 -0.380218 -0.157575
140 28 -0.331522 -0.177249
140 36 -0.290735 -0.183597
140 44 -0.257930 -0.182785
140 52 -0.231776 -0.178277
140 60 -0.210824 -0.171900
140 68 -0.193841 -0.164572
140 76 -0.179860 -0.156722
140 84 -0.168131 -0.148524
140 92 -0.158072 -0.140029
140 100 -0.149221 -0.131241
140 108 -0.141207 -0.122164
140 116 -0.133728 -0.112823
140 124 -0.126544 -0.103279
140 132 -0.119473 -0.093629
140 140 -0.112393 -0.084002
140 148 -0.105241 -0.074545
140 156 -0.098011 -0.065412
140 164 -0.090748 -0.056744
140 172 -0.083536 -0.048656
140 180 -0.076487 -0.041232
140 188 -0.069726 -0.034516
140 196 -0.063382 -0.028517
140 204 -0.057573 -0.023207
140 212 -0.052403 -0.018533
140 220 -0.047959 -0.014421
140 228 -0.044308 -0.010783
140 236 -0.041502 -0.007521
140 244 -0.039574 -0.004535
140 252 -0.038547 -0.001720
148 4 -0.400116 -0.029101
148 12 -0.380603 -0.081116
148 20 -0.349728 -0.119235
148 28 -0.316130 -0.143292
148 36 -0.284775 -0.156642
148 44 -0.257513 -0.162792
148 52 -0.234563 -0.164329
148 60 -0.215494 -0.162919
148 68 -0.199689 -0.159559
148 76 -0.186531 -0.154810
148 84 -0.175462 -0.148972
148 92 -0.165993 -0.142199
148 100 -0.157694 -0.134579
148 108 -0.150185 -0.126186
148 116 -0.143135 -0.117109
148 124 -0.136265 -0.107479
148 132 -0.129357 -0.097465
148 140 -0.122260 -0.087276
148 148 -0.114901 -0.077139
148 156 -0.107280 -0.067284
148 164 -0.099466 -0.057917
148 172 -0.091582 -0.049206
148 180 -0.083784 -0.041268
148 188 -0.076245 -0.034163
148 196 -0.069134 -0.027901
148 204 -0.062605 -0.022446
148 212 -0.056789 -0.017728
148 220 -0.051790 -0.013656
148 228 -0.047686 -0.010121
148 236 -0.044533 -0.007010
148 244 -0.042370 -0.004205
148 252 -0.041219 -0.001590
156 4 -0.350853 -0.021739
156 12 -0.339395 -0.062266
156 20 -0.319866 -0.095468
156 28 -0.296682 -0.119997
156 36 -0.273276 -0.136709
156 44 -0.251601 -0.147254
156 52 -0.232478 -0.153218
156 60 -0.216071 -0.155820
156 68 -0.202211 -0.155894
156 76 -0.190581 -0.153965
156 84 -0.180811 -0.150346
156 92 -0.172509 -0.145218
156 100 -0.165283 -0.138701
156 108 -0.158746 -0.130904
156 116 -0.152533 -0.121966
156 124 -0.146313 -0.112079
156 132 -0.139821 -0.101493
156 140 -0.132872 -0.090511
156 148 -0.125379 -0.079463
156 156 -0.117359 -0.068675
156 164 -0.108920 -0.058441
156 172 -0.100243 -0.048990
156 180 -0.091552 -0.040477
156 188 -0.083083 -0.032975
156 196 -0.075063 -0.026486
156 204 -0.067691 -0.020956
156 212 -0.061126 -0.016288
156 220 -0.055493 -0.012361
156 228 -0.050878 -0.009043
156 236 -0.047341 -0.006198
156 244 -0.044917 -0.003690
156 252 -0.043629 -0.001390
164 4 -0.312264 -0.017634
164 12 -0.305002 -0.051288
164 20 -0.292092 -0.080700
164 28 -0.275912 -0.104575
164 36 -0.258669 -0.122847
164 44 -0.241945 -0.136146
164 52 -0.226664 -0.145308
164 60 -0.213251 -0.151095
164 68 -0.201807 -0.154085
164 76 -0.192231 -0.154672
164 84 -0.184300 -0.153096
164 92 -0.177707 -0.149500
164 100 -0.172084 -0.143982
164 108 -0.167024 -0.136648
164 116 -0.162104 -0.127661
164 124 -0.156921 -0.117268
164 132 -0.151135 -0.105809
164 140 -0.144510 -0.093704
164 148 -0.136942 -0.081419
164 156 -0.128474 -0.069411
164 164 -0.119276 -0.058084
164 172 -0.109618 -0.047746
164 180 -0.099820 -0.038593
164 188 -0.090213 -0.030702
164 196 -0.081098 -0.024053
164 204 -0.072728 -0.018554
164 212 -0.065296 -0.014066
164 220 -0.058943 -0.010426
164 228 -0.053758 -0.007469
164 236 -0.049797 -0.005031
164 244 -0.047091 -0.002958
164 252 -0.045655 -0.001106
172 4 -0.279829 -0.015241
172 12 -0.275007 -0.044750
172 20 -0.266218 -0.071601
172 28 -0.254827 -0.094752
172 36 -0.242258 -0.113841
172 44 -0.229699 -0.128989
172 52 -0.217983 -0.140551
172 60 -0.207616 -0.148920
172 68 -0.198839 -0.154424
172 76 -0.191690 -0.157281
172 84 -0.186055 -0.157607
172 92 -0.181685 -0.155448
172 100 -0.178218 -0.150824
172 108 -0.175197 -0.143798
172 116 -0.172104 -0.134521
172 124 -0.168417 -0.123285
172 132 -0.163679 -0.110535
172 140 -0.157570 -0.096846
172 148 -0.149959 -0.082868
172 156 -0.140928 -0.069243
172 164 -0.130746 -0.056526
172 172 -0.119817 -0.045125
172 180 -0.108607 -0.035272
172 188 -0.097576 -0.027033
172 196 -0.087125 -0.020338
172 204 -0.077571 -0.015030
172 212 -0.069138 -0.010903
172 220 -0.061975 -0.007736
172 228 -0.056164 -0.005319
172 236 -0.051749 -0.003458
172 244 -0.048745 -0.001980
172 252 -0.047155 -0.000729
180 4 -0.251012 -0.013847
180 12 -0.247731 -0.040907
180 20 -0.241664 -0.066195
180 28 -0.233650 -0.088900
180 36 -0.224641 -0.108596
180 44 -0.215518 -0.125166
180 52 -0.206992 -0.138679
180 60 -0.199568 -0.149268
180 68 -0.193560 -0.157042
180 76 -0.189099 -0.162038
180 84 -0.186151 -0.164213
180 92 -0.184509 -0.163466
180 100 -0.183796 -0.159684
180 108 -0.183468 -0.152818
180 116 -0.182857 -0.142967
180 124 -0.181245 -0.130449
180 132 -0.177983 -0.115835
180 140 -0.172609 -0.099915
180 148 -0.164944 -0.083607
180 156 -0.155132 -0.067820
180 164 -0.143597 -0.053324
180 172 -0.130958 -0.040653
180 180 -0.117896 -0.030066
180 188 -0.105057 -0.021581
180 196 -0.092967 -0.015032
180 204 -0.082011 -0.010152
180 212 -0.072437 -0.006635
180 220 -0.064383 -0.004182
180 228 -0.057907 -0.002525
180 236 -0.053022 -0.001439
180 244 -0.049715 -0.000734
180 252 -0.047972 -0.000251
188 4 -0.224267 -0.013076
188 12 -0.222021 -0.038792
188 20 -0.217844 -0.063269
188 28 -0.212286 -0.085880
188 36 -0.206018 -0.106216
188 44 -0.199716 -0.124063
188 52 -0.193986 -0.139333
188 60 -0.189319 -0.151983
188 68 -0.186077 -0.161950
188 76 -0.184473 -0.169102
188 84 -0.184551 -0.173217
188 92 -0.186151 -0.173993
188 100 -0.188871 -0.171108
188 108 -0.192041 -0.164315
188 116 -0.194761 -0.153582
188 124 -0.196001 -0.139219
188 132 -0.194787 -0.121951
188 140 -0.190414 -0.102881
188 148 -0.182617 -0.083333
188 156 -0.171639 -0.064626
188 164 -0.158163 -0.047844
188 172 -0.143146 -0.033678
188 180 -0.127606 -0.022388
188 188 -0.112445 -0.013869
188 196 -0.098345 -0.007781
188 204 -0.085752 -0.003678
188 212 -0.074909 -0.001110
188 220 -0.065911 0.000327
188 228 -0.058760 0.000961
188 236 -0.053416 0.001049
188 244 -0.049825 0.000788
188 252 -0.047939 0.000330
196 4 -0.198600 -0.012710
196 12 -0.197083 -0.037821
196 20 -0.194263 -0.062037
196 28 -0.190533 -0.084877
196 36 -0.186394 -0.105982
196 44 -0.182392 -0.125114
196 52 -0.179067 -0.142108
196 60 -0.176909 -0.156821
196 68 -0.176338 -0.169065
196 76 -0.177666 -0.178563
196 84 -0.181050 -0.184898
196 92 -0.186416 -0.187519
196 100 -0.193361 -0.185789
196 108 -0.201065 -0.179125
196 116 -0.208285 -0.167219
196 124 -0.213486 -0.150294
196 132 -0.215144 -0.129263
196 140 -0.212126 -0.105703
196 148 -0.204010 -0.081587
196 156 -0.191207 -0.058886
196 164 -0.174841 -0.039158
196 172 -0.156434 -0.023291
196 180 -0.137523 -0.011465
196 188 -0.119372 -0.003319
196 196 -0.102835 0.001801
196 204 -0.088381 0.004619
196 212 -0.076187 0.005789
196 220 -0.066248 0.005835
196 228 -0.058468 0.005146
196 236 -0.052722 0.003997
196 244 -0.048893 0.002575
196 252 -0.046893 0.001009
204 4 -0.173362 -0.012610
204 12 -0.172369 -0.037607
204 20 -0.170542 -0.061953
204 28 -0.168180 -0.085281
204 36 -0.165684 -0.107301
204 44 -0.163524 -0.127790
204 52 -0.162203 -0.146570
204 60 -0.162237 -0.163456
204 68 -0.164128 -0.178198
204 76 -0.168333 -0.190409
204 84 -0.175199 -0.199492
204 92 -0.184835 -0.204595
204 100 -0.196933 -0.204631
204 108 -0.210543 -0.198444
204 116 -0.223947 -0.185182
204 124 -0.234792 -0.164790
204 132 -0.240592 -0.138401
204 140 -0.239445 -0.108335
204 148 -0.230638 -0.077647
204 156 -0.214881 -0.049389
204 164 -0.194080 -0.025868
204 172 -0.170725 -0.008198
204 180 -0.147186 0.003706
204 188 -0.125211 0.010733
204 196 -0.105798 0.014086
204 204 -0.089332 0.014903
204 212 -0.075809 0.014095
204 220 -0.065036 0.012309
204 228 -0.056757 0.009973
204 236 -0.050729 0.007349
204 244 -0.046751 0.004589
204 252 -0.044685 0.001771
212 4 -0.148127 -0.012680
212 12 -0.147513 -0.037879
212 20 -0.146408 -0.062611
212 28 -0.145055 -0.086609
212 36 -0.143793 -0.109655
212 44 -0.143042 -0.131579
212 52 -0.143294 -0.152234
212 60 -0.145106 -0.171460
212 68 -0.149092 -0.189011
212 76 -0.155916 -0.204471
212 84 -0.166225 -0.217118
212 92 -0.180506 -0.225791
212 100 -0.198781 -0.228793
212 108 -0.220132 -0.224023
212 116 -0.242248 -0.209540
212 124 -0.261432 -0.184570
212 132 -0.273459 -0.150447
212 140 -0.275001 -0.110727
212 148 -0.264806 -0.070329
212 156 -0.244131 -0.034171
212 164 -0.216312 -0.005801
212 172 -0.185586 0.013461
212 180 -0.155673 0.024404
212 188 -0.128921 0.028991
212 196 -0.106298 0.029346
212 204 -0.087862 0.027188
212 212 -0.073228 0.023697
212 220 -0.061888 0.019599
212 228 -0.053359 0.015298
212 236 -0.047248 0.010993
212 244 -0.043260 0.006756
212 252 -0.041202 0.002587
220 4 -0.122637 -0.012845
220 12 -0.122288 -0.038426
220 20 -0.121693 -0.063688
220 28 -0.121050 -0.088450
220 36 -0.120653 -0.112575
220 44 -0.120886 -0.135966
220 52 -0.122231 -0.158554
220 60 -0.125285 -0.180263
220 68 -0.130787 -0.200952
220 76 -0.139648 -0.220298
220 84 -0.152958 -0.237610
220 92 -0.171874 -0.251532
220 100 -0.197242 -0.259676
220 108 -0.228717 -0.258443
220 116 -0.263471 -0.243699
220 124 -0.295553 -0.212861
220 132 -0.317408 -0.167319
220 140 -0.323013 -0.112828
220 148 -0.310157 -0.057613
220 156 -0.281061 -0.009902
220 164 -0.241757 0.024557
220 172 -0.199817 0.044378
220 180 -0.161217 0.052150
220 188 -0.128821 0.052013
220 196 -0.103026 0.047569
220 204 -0.083056 0.041203
220 212 -0.067847 0.034256
220 220 -0.056431 0.027388
220 228 -0.048049 0.020866
220 236 -0.042145 0.014744
220 244 -0.038338 0.008964
220 252 -0.036387 0.003413
228 4 -0.096759 -0.013051
228 12 -0.096587 -0.039082
228 20 -0.096324 -0.064915
228 28 -0.096134 -0.090447
228 36 -0.096266 -0.115620
228 44 -0.097060 -0.140427
228 52 -0.098971 -0.164907
228 60 -0.102605 -0.189135
228 68 -0.108787 -0.213176
228 76 -0.118662 -0.236987
228 84 -0.133836 -0.260205
228 92 -0.156476 -0.281684
228 100 -0.189119 -0.298637
228 108 -0.233451 -0.305438
228 116 -0.287123 -0.293515
228 124 -0.340332 -0.255510
228 132 -0.378478 -0.192444
228 140 -0.390479 -0.114589
228 148 -0.372711 -0.035975
228 156 -0.328808 0.029367
228 164 -0.269864 0.071165
228 172 -0.210494 0.088398
228 180 -0.160527 0.088420
228 188 -0.122342 0.079796
228 196 -0.094300 0.068137
228 204 -0.073922 0.056209
228 212 -0.059120 0.045115
228 220 -0.048389 0.035161
228 228 -0.040702 0.026301
228 236 -0.035381 0.018349
228 244 -0.031989 0.011065
228 252 -0.030263 0.004196
236 4 -0.070464 -0.013250
236 12 -0.070396 -0.039711
236 20 -0.070322 -0.066068
236 28 -0.070367 -0.092286
236 36 -0.070727 -0.118381
236 44 -0.071680 -0.144435
236 52 -0.073613 -0.170616
236 60 -0.077075 -0.197185
236 68 -0.082874 -0.224505
236 76 -0.092244 -0.253011
236 84 -0.107165 -0.283087
236 92 -0.130890 -0.314653
236 100 -0.168647 -0.345893
236 108 -0.227440 -0.369936
236 116 -0.310258 -0.369787
236 124 -0.401093 -0.323758
236 132 -0.467206 -0.231642
236 140 -0.489006 -0.115967
236 148 -0.462984 0.000494
236 156 -0.392658 0.094964
236 164 -0.297630 0.144915
236 172 -0.210651 0.150544
236 180 -0.147750 0.133532
236 188 -0.105963 0.110856
236 196 -0.078322 0.089360
236 204 -0.059643 0.070819
236 212 -0.046733 0.055258
236 220 -0.037687 0.042209
236 228 -0.031358 0.031128
236 236 -0.027046 0.021504
236 244 -0.024325 0.012887
236 252 -0.022949 0.004872
244 4 -0.043802 -0.013407
244 12 -0.043785 -0.040205
244 20 -0.043790 -0.066968
244 28 -0.043899 -0.093708
244 36 -0.044241 -0.120501
244 44 -0.045005 -0.147508
244 52 -0.046463 -0.175009
244 60 -0.049016 -0.203452
244 68 -0.053288 -0.233513
244 76 -0.060306 -0.266201
244 84 -0.071898 -0.302987
244 92 -0.091599 -0.345919
244 100 -0.126853 -0.397217
244 108 -0.194042 -0.455427
244 116 -0.320880 -0.495193
244 124 -0.490614 -0.441539
244 132 -0.603144 -0.291992
244 140 -0.635848 -0.116926
244 148 -0.600511 0.058943
244 156 -0.485355 0.210897
244 164 -0.313009 0.268557
244 172 -0.183581 0.234387
244 180 -0.113837 0.183346
244 188 -0.076082 0.140767
244 196 -0.053955 0.108069
244 204 -0.040041 0.082980
244 212 -0.030844 0.063383
244 220 -0.024582 0.047710
244 228 -0.020283 0.034828
244 236 -0.017390 0.023895
244 244 -0.015580 0.014258
244 252 -0.014668 0.005378
252 4 -0.016886 -0.013498
252 12 -0.016884 -0.040490
252 20 -0.016897 -0.067483
252 28 -0.016956 -0.094519
252 36 -0.017113 -0.121709
252 44 -0.017445 -0.149258
252 52 -0.018063 -0.177522
252 60 -0.019138 -0.207068
252 68 -0.020940 -0.238797
252 76 -0.023936 -0.274147
252 84 -0.029010 -0.315522
252 92 -0.038057 -0.367198
252 100 -0.055919 -0.437580
252 108 -0.098906 -0.545316
252 116 -0.251839 -0.723469
252 124 -0.673334 -0.664698
252 132 -0.819553 -0.364213
252 140 -0.845043 -0.117441
252 148 -0.818536 0.130142
252 156 -0.671304 0.433062
252 164 -0.248800 0.495884
252 172 -0.094868 0.323386
252 180 -0.050897 0.222891
252 188 -0.032071 0.161309
252 196 -0.022091 0.119952
252 204 -0.016125 0.090358
252 212 -0.012293 0.068173
252 220 -0.009730 0.050893
252 228 -0.007989 0.036943
252 236 -0.006827 0.025250
252 244 -0.006103 0.015031
252 252 -0.005739 0.005663
